 &plot nbnd=   8, nks=  99 /
            0.000000  0.000000  0.000000
 -19.923  -8.032  -3.454  -3.454   2.723   4.368   5.634   7.931
            0.020202  0.000000  0.000000
 -19.916  -8.024  -3.484  -3.470   2.733   4.377   5.644   7.936
            0.040404  0.000000  0.000000
 -19.894  -7.998  -3.573  -3.518   2.763   4.407   5.673   7.952
            0.060606  0.000001  0.000000
 -19.858  -7.954  -3.716  -3.597   2.812   4.456   5.722   7.977
            0.080808  0.000001  0.000000
 -19.807  -7.894  -3.909  -3.707   2.881   4.524   5.790   8.014
            0.101011  0.000001  0.000000
 -19.742  -7.816  -4.146  -3.845   2.970   4.612   5.877   8.063
            0.121213  0.000001  0.000000
 -19.663  -7.721  -4.419  -4.010   3.079   4.720   5.984   8.125
            0.141415  0.000001  0.000000
 -19.569  -7.609  -4.721  -4.201   3.208   4.847   6.111   8.200
            0.161617  0.000001  0.000000
 -19.460  -7.480  -5.047  -4.415   3.356   4.993   6.257   8.290
            0.181819  0.000002  0.000000
 -19.338  -7.334  -5.391  -4.650   3.524   5.159   6.422   8.394
            0.202021  0.000002  0.000000
 -19.201  -7.172  -5.748  -4.903   3.712   5.343   6.607   8.515
            0.222223  0.000002  0.000000
 -19.050  -6.993  -6.114  -5.172   3.920   5.547   6.812   8.442
            0.242425  0.000002  0.000000
 -18.886  -6.799  -6.486  -5.455   4.147   5.770   7.036   8.022
            0.262628  0.000002  0.000000
 -18.707  -6.588  -6.861  -5.749   4.394   6.011   7.280   7.590
            0.282830  0.000002  0.000000
 -18.514  -6.363  -7.236  -6.052   4.661   6.271   7.543   7.148
            0.303032  0.000003  0.000000
 -18.308  -6.122  -7.609  -6.362   4.947   6.548   7.825   6.699
            0.323234  0.000003  0.000000
 -18.088  -5.867  -7.980  -6.677   5.253   6.247   8.127   9.570
            0.343436  0.000003  0.000000
 -17.855  -5.598  -8.346  -6.995   5.578   5.794   8.447   9.800
            0.363638  0.000003  0.000000
 -17.609  -5.315  -8.706  -7.314   5.923   5.342   8.787  10.043
            0.383840  0.000003  0.000000
 -17.350  -5.020  -9.059  -7.632   6.286   4.893   9.144  10.300
            0.404042  0.000003  0.000000
 -17.078  -4.713  -9.404  -7.949   6.669   4.449   9.520  10.570
            0.424245  0.000004  0.000000
 -16.795  -4.396  -9.741  -8.262   7.071   4.011   9.912  10.850
            0.444447  0.000004  0.000000
 -16.499  -4.068 -10.069  -8.570   7.490   3.581  10.320  11.141
            0.464649  0.000004  0.000000
 -16.193  -3.733 -10.388  -8.871   7.928   3.160  10.741  11.440
            0.484851  0.000004  0.000000
 -15.876  -3.390 -10.696  -9.165   8.384   2.749  11.171  11.749
            0.505053  0.000004  0.000000
 -15.550  -3.042 -10.995  -9.450   8.855   2.348  11.599  12.073
            0.525255  0.000005  0.000000
 -15.215  -2.692 -11.283  -9.724   9.343   1.960  12.001  10.206
            0.545457  0.000005  0.000000
 -14.874  -2.340 -11.560  -9.985   9.844   1.584  12.347  12.518
            0.565659  0.000005  0.000000
 -14.529  -1.991 -11.826 -10.231  10.354   1.221  12.625  12.591
            0.585862  0.000005  0.000000
 -14.183  -1.645 -12.080 -10.458  10.870   0.871  12.837  12.641
            0.606064  0.000005  0.000000
 -13.843  -1.308 -12.324 -10.660  11.380   0.536  12.982  12.661
            0.626266  0.000005  0.000000
 -13.517  -0.983 -12.555 -10.828  11.862   0.216  12.645  10.319
            0.646468  0.000006  0.000000
 -13.223  -0.672 -12.775 -10.947  12.266  -0.089  12.590  10.279
            0.666670  0.000006  0.000000
 -12.983  -0.379 -12.983 -10.993  12.497  -0.379  12.497  13.078
            0.656253  0.018048  0.000000
 -13.185  -0.662 -12.823 -10.936  12.367  -0.100  12.497  10.281
            0.645836  0.036089  0.000000
 -13.375  -0.927 -12.763 -10.762  12.212   0.152  12.351  10.339
            0.635419  0.054131  0.000000
 -13.551  -1.176 -12.784 -10.493  12.043   0.377  12.118  12.513
            0.625003  0.072173  0.000000
 -13.715  -1.406 -12.853 -10.162  11.868   0.572  11.756  12.195
            0.614586  0.090215  0.000000
 -13.866  -1.619 -12.946  -9.796  11.694   0.738  11.264  11.952
            0.604169  0.108257  0.000000
 -14.003  -1.814 -13.049  -9.415  11.526   0.876  10.716  11.749
            0.593752  0.126299  0.000000
 -14.128  -1.991 -13.151  -9.030  11.368   0.988  10.156  11.569
            0.583335  0.144340  0.000000
 -14.240  -2.150 -13.249  -8.651  11.223   1.076   9.606  11.408
            0.572918  0.162382  0.000000
 -14.338  -2.290 -13.339  -8.287  11.092   1.145   9.082  11.265
            0.562501  0.180424  0.000000
 -14.424  -2.411 -13.420  -7.945  10.976   1.197   8.597  11.140
            0.552084  0.198466  0.000000
 -14.496  -2.515 -13.489  -7.635  10.877   1.235   8.161  11.034
            0.541667  0.216508  0.000000
 -14.555  -2.599 -13.547  -7.365  10.795   1.263   7.786  10.946
            0.531251  0.234550  0.000000
 -14.601  -2.665 -13.593  -7.143  10.731   1.281   7.481  10.878
            0.520834  0.252591  0.000000
 -14.634  -2.712 -13.625  -6.978  10.685   1.294   7.256  10.829
            0.510417  0.270633  0.000000
 -14.654  -2.740 -13.645  -6.875  10.657   1.300   7.118  10.800
            0.500000  0.288675  0.000000
 -14.661  -2.749 -13.652  -6.841  10.648   1.303   7.071  10.790
            0.489583  0.306717  0.000000
 -14.654  -2.740 -13.645  -6.875  10.657   1.300   7.118  10.800
            0.479166  0.324759  0.000000
 -14.634  -2.712 -13.625  -6.978  10.685   1.294   7.256  10.829
            0.468749  0.342801  0.000000
 -14.601  -2.665 -13.593  -7.143  10.731   1.281   7.481  10.878
            0.458332  0.360842  0.000000
 -14.555  -2.599 -13.547  -7.365  10.795   1.263   7.786  10.946
            0.447916  0.378884  0.000000
 -14.496  -2.515 -13.489  -7.635  10.877   1.235   8.161  11.034
            0.437499  0.396926  0.000000
 -14.424  -2.411 -13.420  -7.945  10.976   1.197   8.597  11.140
            0.427082  0.414968  0.000000
 -14.338  -2.290 -13.339  -8.287  11.092   1.145   9.082  11.265
            0.416665  0.433010  0.000000
 -14.240  -2.150 -13.249  -8.651  11.223   1.076   9.606  11.408
            0.406248  0.451052  0.000000
 -14.128  -1.991 -13.151  -9.030  11.368   0.988  10.156  11.569
            0.395831  0.469093  0.000000
 -14.003  -1.814 -13.049  -9.415  11.526   0.876  10.716  11.749
            0.385414  0.487135  0.000000
 -13.866  -1.619 -12.946  -9.796  11.694   0.738  11.264  11.952
            0.374997  0.505177  0.000000
 -13.715  -1.406 -12.853 -10.162  11.868   0.572  11.756  12.195
            0.364581  0.523219  0.000000
 -13.551  -1.176 -12.784 -10.493  12.043   0.377  12.118  12.513
            0.354164  0.541261  0.000000
 -13.375  -0.927 -12.763 -10.762  12.212   0.152  12.351  10.339
            0.343747  0.559303  0.000000
 -13.185  -0.662 -12.823 -10.936  12.367  -0.100  12.497  10.281
            0.333330  0.577344  0.000000
 -12.983  -0.379 -12.983 -10.993  12.497  -0.379  12.497  13.078
            0.323229  0.559849  0.000000
 -13.223  -0.672 -12.775 -10.947  12.266  -0.089  12.590  10.279
            0.313128  0.542354  0.000000
 -13.517  -0.983 -12.555 -10.828  11.861   0.216  12.645  10.319
            0.303027  0.524859  0.000000
 -13.843  -1.309 -12.324 -10.660  11.380   0.537  12.661  12.982
            0.292926  0.507363  0.000000
 -14.183  -1.646 -12.080 -10.458  10.870   0.872  12.641  12.837
            0.282825  0.489868  0.000000
 -14.529  -1.991 -11.826 -10.231  10.354   1.221  12.591  12.625
            0.272725  0.472373  0.000000
 -14.874  -2.340 -11.560  -9.985   9.843   1.584  12.518  12.347
            0.262624  0.454877  0.000000
 -15.215  -2.692 -11.283  -9.724   9.343   1.960  12.427  12.001
            0.252523  0.437382  0.000000
 -15.550  -3.043 -10.995  -9.450   8.855   2.349  11.599  12.073
            0.242422  0.419887  0.000000
 -15.876  -3.390 -10.696  -9.165   8.383   2.749  11.171  11.749
            0.232321  0.402392  0.000000
 -16.193  -3.733 -10.388  -8.871   7.928   3.160  10.741  11.440
            0.222220  0.384896  0.000000
 -16.500  -4.068 -10.069  -8.570   7.490   3.581  10.320  11.140
            0.212119  0.367401  0.000000
 -16.795  -4.396  -9.741  -8.262   7.070   4.011   9.912  10.850
            0.202018  0.349906  0.000000
 -17.079  -4.713  -9.404  -7.949   6.669   4.449   9.519  10.570
            0.191917  0.332410  0.000000
 -17.350  -5.020  -9.058  -7.632   6.286   4.893   9.144  10.300
            0.181816  0.314915  0.000000
 -17.609  -5.315  -8.705  -7.314   5.923   5.342   8.787  10.043
            0.171715  0.297420  0.000000
 -17.855  -5.598  -8.346  -6.995   5.578   5.794   8.447   9.799
            0.161615  0.279925  0.000000
 -18.088  -5.867  -7.980  -6.677   5.253   6.247   8.127   9.570
            0.151514  0.262429  0.000000
 -18.308  -6.122  -7.609  -6.362   4.947   6.699   7.825   6.548
            0.141413  0.244934  0.000000
 -18.514  -6.363  -7.236  -6.052   4.661   7.148   7.543   6.271
            0.131312  0.227439  0.000000
 -18.707  -6.588  -6.861  -5.749   4.394   7.590   7.280   6.011
            0.121211  0.209943  0.000000
 -18.886  -6.799  -6.486  -5.455   4.147   8.022   7.036   5.770
            0.111110  0.192448  0.000000
 -19.050  -6.993  -6.114  -5.172   3.920   8.442   6.812   5.547
            0.101009  0.174953  0.000000
 -19.201  -7.172  -5.748  -4.903   3.712   5.343   6.607   8.515
            0.090908  0.157458  0.000000
 -19.338  -7.334  -5.391  -4.650   3.524   5.159   6.422   8.394
            0.080807  0.139962  0.000000
 -19.460  -7.480  -5.047  -4.415   3.356   4.993   6.257   8.290
            0.070706  0.122467  0.000000
 -19.569  -7.609  -4.721  -4.201   3.208   4.847   6.111   8.200
            0.060605  0.104972  0.000000
 -19.663  -7.721  -4.419  -4.010   3.079   4.720   5.984   8.125
            0.050505  0.087476  0.000000
 -19.742  -7.816  -4.146  -3.845   2.970   4.612   5.877   8.063
            0.040404  0.069981  0.000000
 -19.807  -7.894  -3.909  -3.707   2.881   4.524   5.790   8.014
            0.030303  0.052486  0.000000
 -19.858  -7.954  -3.716  -3.597   2.812   4.456   5.722   7.977
            0.020202  0.034991  0.000000
 -19.894  -7.998  -3.573  -3.518   2.763   4.407   5.673   7.952
            0.010101  0.017495  0.000000
 -19.916  -8.024  -3.484  -3.470   2.733   4.377   5.644   7.936
            0.000000  0.000000  0.000000
 -19.923  -8.032  -3.454  -3.454   2.723   4.368   5.634   7.931
